EO pos[mm]	Time[ps]	ST0[arb.u.]	ST1[arb.u.]	ST2[arb.u.]	ST3[arb.u.]	ST4[arb.u.]	ST5[arb.u.]	ST6[arb.u.]	AVG[arb.u.]	Norm[arb.u.]
64.19	428.2295854	-7.12482913	-7.43795594	-7.55051793	-6.87923946	-6.75644463	-5.84639846	-7.14051956	-6.962272159	-0.175905133
64.206	428.3363259	-7.69104973	-7.05456319	-7.28514459	-7.09890578	-7.36427908	-7.72925261	-7.45159981	-7.382113541	-0.186512627
64.222	428.4430664	-7.71083335	-7.83294602	-6.80624475	-7.01294938	-7.31311453	-6.4944823	-7.6828634	-7.264776247	-0.183548044
64.238	428.5498069	-7.17394706	-6.84990513	-6.8655956	-7.21010331	-8.04647257	-7.27013635	-7.69718949	-7.301907073	-0.184486172
64.254	428.6565475	-8.03487529	-7.69173194	-7.12346474	-7.60850432	-8.33708701	-6.4419534	-8.21360994	-7.63588952	-0.192924398
64.27	428.763288	-7.60713994	-7.61191527	-7.8806995	-7.45296419	-6.80283379	-8.02737115	-7.23125131	-7.516310736	-0.189903183
64.286	428.8700285	-8.34118017	-7.42158333	-7.39497778	-7.36018588	-7.78519249	-7.65966886	-7.36359681	-7.618055046	-0.192473802
64.302	428.976769	-7.70742239	-8.03282868	-7.74767181	-8.36437474	-7.86500909	-7.78519245	-8.15357697	-7.950868019	-0.20088248
64.318	429.0835095	-8.97971333	-7.85955155	-7.18827312	-8.57380817	-8.24908403	-7.94005039	-9.17754944	-8.281147147	-0.20922714
64.334	429.19025	-7.09890576	-8.58472331	-8.03692185	-8.59154522	-8.60928223	-8.76686894	-8.21838537	-8.272376097	-0.209005536
64.35	429.2969905	-7.73266355	-8.76482239	-9.13388904	-8.8275842	-8.9380996	-8.34868432	-7.63783867	-8.483368824	-0.214336368
64.366	429.403731	-8.52400806	-8.64066312	-8.66795089	-7.94687231	-8.69319204	-9.26009482	-8.46806818	-8.600121346	-0.217286176
64.382	429.5104715	-8.59359178	-8.9456037	-8.84804994	-9.13388907	-8.51445736	-9.77310436	-8.1528948	-8.851655859	-0.223641316
64.398	429.6172121	-9.20483729	-9.18914674	-9.11819855	-8.94901462	-8.31798559	-8.66181113	-9.47907889	-8.98858183	-0.227100816
64.414	429.7239526	-8.98175991	-9.440194	-8.82826633	-9.57799699	-10.11488319	-9.23348928	-9.06771628	-9.32061514	-0.235489796
64.43	429.8306931	-10.28543159	-10.16400123	-9.30375523	-9.42723225	-9.79425229	-8.55061353	-8.94423922	-9.495646477	-0.239912046
64.446	429.9374336	-8.96811595	-9.76150712	-8.19041539	-8.73344149	-9.47430364	-9.36651696	-8.88352403	-9.05397494	-0.228753004
64.462	430.0441741	-8.9060364	-8.34731988	-8.90467199	-9.24303995	-8.60382471	-8.48716961	-9.08886427	-8.797275259	-0.222267364
64.478	430.1509146	-7.15484565	-6.80283377	-7.08389751	-6.96792462	-6.87719287	-7.12619352	-7.79678971	-7.115668236	-0.179780759
64.494	430.2576551	-5.12463771	-4.54818421	-4.08702139	-4.62663645	-5.24470378	-4.92407283	-5.50257293	-4.865404186	-0.122926762
64.51	430.3643956	-1.55403684	-1.07036163	-1.10720009	-1.579960179	-2.06977514	-2.32696208	-2.91978826	-1.804012031	-0.045579226
64.526	430.4711361	2.659872539	4.06928435	3.85643998	2.687842474	2.983232258	1.957895393	1.931972039	2.878077005	0.072715991
64.542	430.5778766	8.32412532	8.91490495	8.75049632	8.28114719	8.98448871	8.48375865	6.94200126	8.382988914	0.211800221
64.558	430.6846172	15.0219013	15.5410505	15.9387694	15.4107517	14.7435664	13.6609253	12.9364356	14.75048574	0.372678072
64.574	430.7913577	23.1536481	23.2969086	22.9680916	22.648825	22.5676438	21.5034219	21.5313921	22.52427587	0.569086595
64.59	430.8980982	30.1979783	30.6570947	30.5240669	29.7299936	29.5089628	28.0558908	28.1807323	29.5506742	0.746611907
64.606	431.0048387	37.568397	36.7279348	37.0581164	35.5886715	36.4768875	34.5401401	34.508077	36.06688919	0.911247192
64.622	431.1115792	41.3518423	38.7404055	40.1198009	40.4035935	38.9225514	38.8945814	38.6251149	39.57969856	1
64.638	431.2183197	40.7303642	38.2042014	38.9348307	38.6537669	39.0910532	39.4321498	39.0821845	39.16122153	0.989426978
64.654	431.3250602	34.6854473	33.0311281	32.7869028	34.1465145	33.436351	33.0966186	34.5865294	33.68135596	0.850975555
64.67	431.4318007	22.9544475	22.3834516	22.2579281	24.4293499	22.4939668	23.3323827	23.9388528	23.11291134	0.583958751
64.686	431.5385412	5.84708065	4.7903629	5.11440481	5.664935	5.60694854	6.98361507	8.14402625	6.021624746	0.152139227
64.702	431.6452818	-12.8109122	-15.1740305	-14.9857451	-14.3629024	-12.61785122	-12.43843443	-10.42323481	-13.25901581	-0.334995371
64.718	431.7520223	-33.5311758	-33.9111577	-34.8403052	-32.7691658	-33.8538534	-31.4347952	-30.0929205	-32.91905337	-0.831715616
64.734	431.8587628	-52.9232088	-52.4511309	-52.666022	-51.3186897	-51.1140318	-50.6590087	-49.7762501	-51.55833457	-1.302645964
64.75	431.9655033	-66.3671966	-63.442633	-64.6828607	-65.6631729	-64.3110653	-64.9639246	-63.8355764	-64.75234707	-1.635998995
64.766	432.0722438	-73.1597975	-70.415333	-69.6185307	-71.6316839	-70.4221549	-70.9140164	-71.166428	-71.0468492	-1.7950326
64.782	432.1789843	-72.1910826	-68.677104	-67.4982735	-69.1921599	-69.1109789	-68.7234931	-69.5694129	-69.28035784	-1.750401351
64.798	432.2857248	-63.1540653	-58.9537995	-59.4620339	-61.8674481	-60.4723625	-60.647004	-61.4499457	-60.85809414	-1.537608834
64.814	432.3924653	-47.508639	-45.0950382	-46.0528379	-45.2116935	-46.0125886	-46.18723	-47.1040983	-46.1674465	-1.1664426
64.83	432.4992058	-32.3434769	-31.518705	-31.2533318	-31.3051784	-31.4136473	-32.3769046	-31.793629	-31.71498186	-0.801294174
64.846	432.6059463	-19.3961264	-18.9349636	-18.4008058	-19.4316001	-19.2562764	-19.0768595	-18.6245653	-19.01731387	-0.480481524
64.862	432.7126869	-11.75351209	-11.29234943	-11.16887243	-12.23991615	-11.8176382	-12.9848715	-11.41582632	-11.81042659	-0.298396072
64.878	432.8194274	-8.44282696	-8.3807474	-7.70878678	-9.16731644	-8.47147917	-7.88274612	-7.61873723	-8.238948586	-0.208160974
64.894	432.9261679	-7.56893712	-7.19645948	-7.86910224	-7.16780731	-6.70459793	-7.0218179	-6.65479779	-7.169074253	-0.181130087
64.91	433.0329084	-6.13633072	-6.47401651	-5.63560066	-6.77349945	-6.16293626	-6.12200464	-6.5367783	-6.263023791	-0.158238289
64.926	433.1396489	-4.65597077	-4.91383993	-4.66688587	-3.84074952	-4.47041414	-4.93635232	-3.707039584	-4.455893162	-0.11258027
64.942	433.2463894	-2.282619515	-2.620305297	-2.590970988	-3.2963591	-2.427926739	-2.8222346	-3.40482786	-2.777892014	-0.070184769
64.958	433.3531299	-0.457069664	-1.285252604	-1.442157088	-1.93947617	-2.359025212	-2.185065837	-2.354932024	-1.717568371	-0.043395186
64.974	433.4598704	-1.147449495	-0.916868091	-1.169279688	-0.962575066	-2.453167882	-0.785886939	-1.833736174	-1.324137619	-0.03345497
64.99	433.5666109	0.092778315	0.409998307	-0.442743591	-0.088685151	-0.771560866	-0.667867466	-0.759281389	-0.318194549	-0.008039337
65.006	433.6733514	1.680242638	1.924467909	-0.197836121	0.364291336	1.07991235	0.407951727	0.351329682	0.801479932	0.020249774
65.022	433.780092	3.02484607	2.177561726	2.57391615	1.670009739	2.17824392	1.661141221	1.802355269	2.155439156	0.0544582
65.038	433.8868325	3.19812323	2.67146982	3.29431253	2.39313487	2.82359897	2.768341298	2.749922099	2.842700402	0.071822184
65.054	433.993573	3.17356425	3.07669278	0.983040852	3.50920346	1.808495018	2.113435537	2.535713304	2.4571636	0.062081413
65.07	434.1003135	1.776431928	1.652272709	1.721174255	1.859659551	1.956531006	1.453072197	0.637168747	1.579472913	0.039906138
65.086	434.207054	0.404540762	1.348014401	1.119479559	1.084687688	0.401811966	0.56144526	1.306400589	0.889482889	0.02247321
65.102	434.3137945	1.24227441	1.796897738	0.904588592	0.407951725	0.210115603	-0.14394284	0.705388093	0.731896189	0.018491707
65.118	434.420535	0.875254284	0.740179966	0.523242439	0.843191194	0.727900488	0.774289647	0.960528472	0.77779807	0.01965144
65.134	434.5272755	0.666503074	0.57167816	0.653541389	0.368384505	0.944838028	0.429099729	0.70334152	0.619626629	0.015655163
65.15	434.634016	0.343825535	-0.22375948	0.094824897	-0.861610406	-0.466620362	0.1992005	-0.749730677	-0.237695713	-0.006005496
65.166	434.7407566	-0.193060766	-1.130394658	-0.547119196	-1.379395311	-0.370431083	-1.564951932	-1.277066275	-0.923202746	-0.023325159
65.182	434.8474971	-1.852837604	-2.271704424	-1.436017358	-1.790075816	-1.442839298	-1.287299154	-1.624984966	-1.672251231	-0.042250227
65.198	434.9542376	-2.68784247	-2.132536942	-1.996780431	-2.431337695	-2.102520429	-2.395863653	-2.127079376	-2.267708714	-0.057294744
65.214	435.0609781	-2.836560663	-3.48191573	-3.06373111	-3.233597265	-3.60812153	-3.0323502	-2.504332407	-3.108658415	-0.078541741
65.23	435.1677186	-3.520118575	-3.468954033	-3.49965277	-3.999700613	-4.12931739	-3.69476011	-3.82437687	-3.733840052	-0.094337253
65.246	435.2744591	-3.85234681	-4.57069658	-3.937621	-3.73432732	-3.91920178	-3.795724738	-4.07883504	-3.98410761	-0.100660383
65.262	435.3811996	-3.21858903	-4.44653737	-3.730916364	-3.37685793	-4.14637221	-4.11703789	-5.07756638	-4.016268168	-0.101472935
65.278	435.4879401	-4.4431264	-4.86062883	-4.62186109	-4.70986406	-3.90828668	-4.52021427	-4.24938343	-4.473337823	-0.113021018
65.294	435.5946806	-4.48132923	-4.6832585	-4.65119542	-4.28485751	-4.52703619	-5.1273665	-5.36408764	-4.731304427	-0.119538668
65.31	435.7014211	-5.13077746	-4.77603684	-4.91179335	-4.54340884	-4.5386335	-4.74670251	-5.88119035	-4.932648979	-0.124625734
65.326	435.8081617	-5.36545204	-4.39264407	-4.6627927	-5.17034469	-5.25971205	-4.89064535	-5.02640184	-4.966856106	-0.125489993
65.342	435.9149022	-4.92339062	-4.53249374	-4.50998136	-4.10953377	-4.26848484	-4.99433876	-5.61854583	-4.708109846	-0.118952645
65.358	436.0216427	-5.30814778	-5.45959474	-5.78090787	-5.63628285	-4.49974846	-4.69144484	-6.38328477	-5.394201616	-0.136287082
65.374	436.1283832	-6.41057254	-5.48620029	-5.43571797	-6.35736141	-6.02035781	-5.03322381	-5.69154053	-5.776424909	-0.145944136
65.39	436.2351237	-5.55578403	-5.71064194	-5.91052467	-5.14510353	-5.7788613	-5.74611601	-6.38260257	-5.747090579	-0.14520299
65.406	436.3418642	-5.07210881	-5.37704934	-5.78500105	-5.01207578	-6.07220452	-5.64174043	-5.87777938	-5.548279901	-0.140179943
65.422	436.4486047	-5.82388609	-6.55656191	-4.90974678	-5.47255643	-5.29109295	-5.18671733	-4.69963115	-5.42002752	-0.136939586
65.438	436.5553452	-5.87573278	-5.91461782	-5.51621681	-6.04559897	-4.54068008	-4.68939826	-5.33134235	-5.416226724	-0.136843557
65.454	436.6620857	-6.51563031	-5.95759601	-5.80546685	-5.2958683	-5.49370442	-5.81365317	-5.31155875	-5.741925401	-0.145072489
65.47	436.7688263	-5.2849532	-6.03877703	-5.19626805	-5.84503407	-4.92953039	-6.05651407	-6.8533161	-5.743484701	-0.145111886
65.486	436.8755668	-5.83070803	-6.01148929	-5.79318736	-5.52440314	-5.82593266	-4.72691887	-6.13428413	-5.69241764	-0.143821652
65.502	436.9823073	-5.82115731	-6.17794452	-4.77876561	-5.39819733	-5.92826168	-5.73588312	-5.91802879	-5.679748337	-0.143501556
65.518	437.0890478	-5.33134237	-5.33338893	-6.03741265	-6.05105653	-5.13350623	-6.26594749	-5.52440313	-5.668151047	-0.143208545
65.534	437.1957883	-5.76385303	-6.79805842	-5.77886131	-5.41047682	-6.03604825	-5.44185771	-5.68062543	-5.844254424	-0.147657881
65.55	437.3025288	-6.60295107	-5.67312131	-5.61104171	-6.35736142	-6.73461444	-5.84435189	-6.39965741	-6.174728464	-0.156007466
65.566	437.4092693	-5.9487275	-5.2945039	-6.0531031	-5.74270505	-5.90029176	-5.69085834	-6.03059071	-5.808682909	-0.14675915
65.582	437.5160098	-5.91598219	-5.80819563	-6.08925936	-6.66639509	-6.57429896	-6.28573109	-6.70050475	-6.29148101	-0.158957275
65.598	437.6227503	-7.11937153	-7.09549481	-6.67389919	-5.79523396	-7.44955325	-6.46446579	-6.17453354	-6.681793153	-0.168818697
65.614	437.7294908	-6.23661316	-6.52722761	-5.95418503	-6.44945752	-6.98839037	-6.7271103	-6.5176769	-6.485808699	-0.163867056
65.63	437.8362314	-6.50880837	-6.10222103	-6.45696166	-6.87309972	-6.64456489	-7.31379671	-6.01558245	-6.55929069	-0.165723614
65.646	437.9429719	-6.78782553	-6.70050476	-6.71278425	-5.98147279	-6.17453354	-7.91958458	-6.57702772	-6.693390453	-0.169111709
65.662	438.0497124	-6.21682956	-7.83499257	-6.5149481	-7.9100339	-6.51699469	-6.89015455	-6.80965571	-6.956229869	-0.175752472
65.678	438.1564529	-6.84444758	-7.20737454	-6.90175185	-6.821253	-6.82739277	-7.58872072	-7.14120178	-7.047448891	-0.178057164
