EO pos[mm]	Time[ps]	ST0[arb.u.]	ST1[arb.u.]	ST2[arb.u.]	ST3[arb.u.]	ST4[arb.u.]	AVG[arb.u.]	Norm[arb.u.]
64.19	428.2295854	-1.381441876	-1.537664194	-1.548579284	-1.403954274	-2.14754521	-1.603836968	-0.006578866
64.206	428.3363259	-2.094334106	-2.595064127	-2.281255138	-2.436795259	-2.792900271	-2.44006978	-0.010009055
64.222	428.4430664	-2.552768153	-2.50706119	-2.994829548	-2.620987493	-3.01802414	-2.738734105	-0.011234163
64.238	428.5498069	-3.70294641	-3.27589328	-3.37140038	-2.94093627	-3.70362862	-3.398960992	-0.013942384
64.254	428.6565475	-2.59301756	-3.21722463	-3.93284564	-3.82710565	-4.0126623	-3.516571156	-0.014424815
64.27	428.763288	-4.86881515	-4.3469371	-5.40024389	-4.1477366	-5.25971204	-4.804688956	-0.019708616
64.286	428.8700285	-4.9172509	-5.05164302	-5.9896591	-6.0838018	-6.18885961	-5.646242886	-0.023160632
64.302	428.976769	-7.0736646	-6.1813555	-6.68208553	-6.50403301	-6.58384966	-6.60499766	-0.0270934
64.318	429.0835095	-7.96733815	-7.54915354	-7.87592421	-7.54301375	-7.88820371	-7.764726672	-0.031850556
64.334	429.19025	-8.45647083	-9.7656002	-9.13457128	-9.12160957	-10.1660479	-9.328859956	-0.03826656
64.35	429.2969905	-10.1899247	-10.49554729	-10.93487975	-11.04539527	-10.56308443	-10.64576629	-0.04366845
64.366	429.403731	-12.0332115	-13.5156181	-12.5550894	-13.0360359	-12.9937401	-12.826739	-0.052614701
64.382	429.5104715	-14.0443179	-14.9236654	-13.9870138	-15.7757251	-15.800284	-14.90620124	-0.06114456
64.398	429.6172121	-16.5813957	-16.8556374	-16.9497801	-16.3296664	-17.9744348	-16.93818288	-0.069479657
64.414	429.7239526	-17.7172479	-19.3770247	-18.5802227	-18.192737	-17.9935362	-18.3721537	-0.07536174
64.43	429.8306931	-18.3537345	-20.5770031	-19.04275	-19.3838467	-19.346326	-19.34073206	-0.079334804
64.446	429.9374336	-18.1770465	-20.5265209	-18.3571454	-16.6687165	-18.1804574	-18.38197734	-0.075402036
64.462	430.0441741	-13.984285	-16.5472863	-15.3247951	-14.9918849	-14.5791579	-15.08548184	-0.061879961
64.478	430.1509146	-9.21029475	-9.5479805	-9.27919636	-7.58462754	-7.28173364	-8.580766558	-0.035197915
64.494	430.2576551	2.425880158	1.973585852	2.631220413	4.2009477	4.74738471	3.195803767	0.013109042
64.51	430.3643956	18.1893259	19.1750955	18.46425	18.8865276	21.169147	19.1768692	0.078662646
64.526	430.4711361	39.5406185	42.129543	41.124672	43.3452118	43.0887072	41.8457505	0.171649368
64.542	430.5778766	67.0159625	69.5946541	70.7912215	70.75029	74.8141166	70.59324894	0.2895703
64.558	430.6846172	99.3485244	106.357381	105.823225	105.959662	110.928077	105.6833739	0.433508399
64.574	430.7913577	136.191069	145.69539	146.932887	146.024886	146.968362	144.3625188	0.592168494
64.59	430.8980982	174.573321	184.044213	182.327815	184.074231	185.280349	182.0599858	0.746801791
64.606	431.0048387	210.598598	219.231075	219.349093	216.543912	219.529192	217.050374	0.890330774
64.622	431.1115792	234.197717	243.390276	245.311333	239.675049	238.964885	240.307852	0.985731892
64.638	431.2183197	242.747647	249.1514	248.620654	240.242634	238.168765	243.78622	1
64.654	431.3250602	221.12348	226.907114	225.29714	212.877123	212.285663	219.698104	0.901191642
64.67	431.4318007	174.740458	173.520014	172.940832	162.121244	157.893009	168.2431114	0.6901256
64.686	431.5385412	99.8635801	93.6474333	91.4575921	81.97442	72.9326272	87.97513054	0.360869989
64.702	431.6452818	3.975823835	-5.00661824	-4.85926445	-21.0961522	-30.577278	-11.51269781	-0.047224563
64.718	431.7520223	-94.474934	-106.306898	-107.206031	-123.277825	-126.34838	-111.5228136	-0.457461515
64.734	431.8587628	-193.193794	-204.872946	-212.200388	-212.611751	-215.901287	-207.7560332	-0.85220581
64.75	431.9655033	-264.63924	-279.341191	-282.4479	-279.086732	-279.919692	-277.086951	-1.136598086
64.766	432.0722438	-310.850346	-323.138016	-322.231381	-313.144563	-310.790312	-316.0309236	-1.296344492
64.782	432.1789843	-314.688366	-322.650931	-319.560592	-307.133074	-297.456839	-312.2979604	-1.281032047
64.798	432.2857248	-276.867558	-278.363609	-275.87019	-263.948177	-250.194473	-269.0488014	-1.103625961
64.814	432.3924653	-201.30644	-201.591597	-201.009002	-183.209891	-175.366713	-192.4967286	-0.789612836
64.83	432.4992058	-128.671248	-127.188159	-124.176958	-113.076305	-106.861521	-119.9948382	-0.492213375
64.846	432.6059463	-68.2664234	-64.2612653	-58.0185123	-57.3956695	-56.1206498	-60.81250406	-0.249450129
64.862	432.7126869	-31.9805502	-31.8134127	-28.1841431	-29.4161846	-29.5921905	-30.19729622	-0.123867937
64.878	432.8194274	-17.580127	-20.6377182	-17.6381135	-18.5106392	-19.2583231	-18.7249842	-0.076809035
64.894	432.9261679	-15.3138801	-16.7881003	-14.9993888	-15.7927801	-16.8399471	-15.94681928	-0.065413128
64.91	433.0329084	-12.22354348	-10.99423076	-9.4859009	-9.63734777	-9.07863135	-10.28393085	-0.042184217
64.926	433.1396489	-0.079816635	-0.027969938	2.499557049	2.423151391	2.275797582	1.41814389	0.005817162
64.942	433.2463894	10.10055724	11.5345281	15.2388389	13.7598433	13.773487	12.88145091	0.052839126
64.958	433.3531299	19.83273	20.8955876	21.7094444	20.5981512	20.6111128	20.7294052	0.085031078
64.974	433.4598704	25.1913601	24.958732	24.3495334	25.5836212	24.6456052	24.94577038	0.102326417
64.99	433.5666109	28.434508	28.7162541	27.4255436	27.8703341	27.697739	28.02887576	0.114973175
65.006	433.6733514	35.0783908	36.9960368	35.0688401	36.7599977	35.2441638	35.82948584	0.146970923
65.022	433.780092	44.0519644	45.8202099	44.1829455	43.7483881	43.6624318	44.29318794	0.181688645
65.038	433.8868325	49.6548198	49.9761329	47.9500182	46.9369607	46.3291264	48.1694116	0.197588738
65.054	433.993573	46.8175768	46.9826678	44.6877686	44.3685022	43.1344139	45.19818586	0.185400905
65.07	434.1003135	41.5756018	41.1990312	40.748101	39.8551097	38.2273959	40.32104792	0.165395107
65.086	434.207054	36.5321453	38.24104	36.5362384	36.7968364	38.2976619	37.2807844	0.152924084
65.102	434.3137945	36.7054223	39.1313026	37.6181974	38.4341008	39.4232813	38.26246088	0.156950876
65.118	434.420535	37.3917091	40.0734117	39.9055922	39.411684	39.2220342	39.20088624	0.160800255
65.134	434.5272755	38.3283606	39.2540973	38.3733854	37.567715	37.6966496	38.24404158	0.156875321
65.15	434.634016	35.9706998	36.8022939	35.0463277	32.9451716	35.2189225	35.1966831	0.144375195
65.166	434.7407566	31.3652115	31.7881715	31.5118831	28.8479173	30.2641512	30.75546692	0.126157528
65.182	434.8474971	27.7079721	27.9678878	26.6273776	27.0783073	25.776	27.03150896	0.110882022
65.198	434.9542376	22.1399086	22.5731013	22.7436498	21.5047864	21.8772639	22.167742	0.090931071
65.214	435.0609781	17.7165656	18.3953483	18.2404904	19.5100524	19.2978903	18.6320694	0.076427902
65.23	435.1677186	15.9776544	16.2969209	16.5261381	16.8897471	18.0344679	16.74498568	0.068687171
65.246	435.2744591	17.2622249	17.1203286	17.4020746	17.4102607	16.9177172	17.2225212	0.070646
65.262	435.3811996	18.2930193	17.188548	17.1844548	16.9552378	16.346039	17.19345978	0.070526791
65.278	435.4879401	18.1074626	16.2907812	16.021997	16.1291015	15.1208193	16.33403232	0.067001459
65.294	435.5946806	16.5500149	16.434042	15.3834638	14.8840981	14.7121854	15.59276084	0.063960797
65.31	435.7014211	17.93555	16.9757034	15.2681731	15.4380392	14.5361794	16.03072902	0.065757322
65.326	435.8081617	18.5890913	16.9361364	16.1529782	16.0295012	13.6404594	16.2696333	0.066737297
65.342	435.9149022	16.9095309	14.8445309	14.5580097	13.1840721	12.8764026	14.47450924	0.059373779
65.358	436.0216427	11.15659273	11.5195197	10.23563157	9.78743038	10.41095519	10.62202591	0.043571068
65.374	436.1283832	6.70186911	8.0430616	7.35882149	9.01655174	8.83099525	7.990259838	0.032775683
65.39	436.2351237	8.34663771	7.52323012	8.31662124	8.99062839	10.06781201	8.648985894	0.035477747
65.406	436.3418642	9.22871402	7.68218122	9.25395517	9.77992636	9.33786495	9.056528344	0.037149468
65.422	436.4486047	8.21088123	9.93546643	9.32012789	8.40530633	9.17618511	9.009593398	0.036956943
65.438	436.5553452	6.78646115	7.5273233	8.62974802	6.67389922	8.11673851	7.54683404	0.03095677
65.454	436.6620857	5.15192545	5.7167817	5.8750506	6.49584671	5.99920983	5.847762858	0.023987258
65.47	436.7688263	3.38367987	4.41447426	5.48210712	6.54496465	5.44731526	5.054508232	0.020733363
65.486	436.8755668	4.41379207	4.61572136	4.74056277	6.32256954	5.59330466	5.13719008	0.02107252
65.502	436.9823073	6.6950472	7.72311283	7.37246541	7.3172077	7.47070123	7.315706874	0.030008697
65.518	437.0890478	9.51864623	9.98663109	8.04442596	8.79211008	8.23475796	8.915314264	0.036570214
65.534	437.1957883	11.6395858	9.98117333	9.09773268	8.93195974	8.44692016	9.619474342	0.039458647
65.55	437.3025288	10.30521522	8.83304174	7.49798902	7.19987041	7.32471183	8.232165644	0.03376797
65.566	437.4092693	9.10182595	8.23953325	6.41739446	7.25171712	5.81842852	7.36577986	0.030214094
65.582	437.5160098	7.66171543	7.66717296	5.47664959	6.20386788	4.66552148	6.334985468	0.025985823
65.598	437.6227503	7.55461105	6.64865805	4.72555453	4.61094601	4.45949905	5.599853738	0.022970346
65.614	437.7294908	4.94180986	4.02698835	3.181068379	2.903415625	3.71045056	3.752746555	0.015393596
65.63	437.8362314	1.631124705	1.670009741	1.191792068	1.333006134	1.509694256	1.467125381	0.006018082
65.646	437.9429719	-1.166550913	-0.665820884	-0.931194153	-0.873207709	-0.30289391	-0.787933514	-0.003232067
65.662	438.0497124	-2.01451747	-2.23281939	-1.505601097	-1.876032183	-1.769609977	-1.879716023	-0.00771051
65.678	438.1564529	-3.1060271	-2.623034094	-0.585322032	-2.160506872	-0.867067957	-1.868391611	-0.007664058
