EO pos[mm]	Time[ps]	ST0[arb.u.]	ST1[arb.u.]	ST2[arb.u.]	ST3[arb.u.]	ST4[arb.u.]	AVG[arb.u.]	Norm[arb.u.]	
64.93	433.16633402432	0.110515353	0.3772530172	-1.2450031822	0.452976487	0.7156210074	0.08227253648	0.000608293353862331	
64.946	433.273074534784	-0.125523603	0.644672889	-0.6542235913	0.264008895	-0.451612109	-0.06453550386	-0.000477152155090512	
64.962	433.379815045247	-0.293343218	-0.762692358	0.348600896	-0.782475972	-0.9932737661	-0.49663688362	-0.00367195334572412	
64.978	433.48655555571	-0.143260648	-0.8936735173	0.533475333	-0.2619623	-1.178830426	-0.38885031166	-0.00287501844904921	
64.994	433.593296066174	-1.255236079	-1.850791015	-2.354249837	-0.2681020538	-0.8875337697	-1.3231825509	-0.00978313281801806	
65.01	433.700036576637	-0.961892868	-1.4244200737	-2.502968022	-2.14413423	-1.829643025	-1.77261164374	-0.0131060488469095	
65.026	433.806777087101	-2.073868293	-2.910237562	-2.5950641354	-2.543899634	-2.00564895	-2.42574371488	-0.0179350709612986	
65.042	433.913517597564	-2.770387878	-2.283983898	-1.708894762	-2.50910777	-1.560858782	-2.166646618	-0.0160194008144879	
65.058	434.020258108028	-1.85965955	-4.16274487	-3.28885496	-4.86608638	-3.28680837	-3.492830826	-0.0258247267985687	
65.074	434.126998618491	-4.26984922	-4.81833285	-5.12941309	-4.70577091	-4.47109634	-4.678892482	-0.0345940373544811	
65.09	434.233739128954	-4.35853441	-5.76385303	-4.55705273	-4.7794478	-5.10280752	-4.912339098	-0.0363200571305818	
65.106	434.340479639418	-6.41057252	-6.1281444	-6.16225406	-6.91744228	-5.78090789	-6.27986423	-0.0464310429422023	
65.122	434.447220149881	-7.86091593	-7.3854271	-6.77691043	-7.37519415	-6.6002223	-7.199733982	-0.0532322269156248	
65.138	434.553960660345	-7.94209695	-7.83976793	-7.83635694	-8.63998098	-9.28397158	-8.308434876	-0.0614295600002243	
65.154	434.660701170808	-8.42918314	-9.67827947	-8.71434002	-9.05475453	-8.62838369	-8.90098817	-0.0658106845646414	
65.17	434.767441681271	-10.52010634	-10.59855851	-9.99345283	-9.25259074	-9.26009484	-9.924960652	-0.0733815664407573	
65.186	434.874182191735	-9.81744695	-9.61892868	-8.64475632	-9.25190852	-9.55207369	-9.377022832	-0.0693303125412639	
65.202	434.980922702198	-7.41135041	-8.68023033	-8.38688712	-7.78996779	-7.35882148	-7.925451426	-0.0585979190026127	
65.218	435.087663212662	-4.77057929	-4.28826847	-4.45131271	-3.426658046	-5.13896379	-4.4151564612	-0.0326440686833956	
65.234	435.194403723125	0.5832754652	1.346650003	0.868432346	1.972221476	0.65831675	1.08577920804	0.00802785843576361	
65.25	435.301144233588	8.85964721	10.07463398	10.77865758	10.5317036	9.72125768	9.99318001	0.0738859556798838	
65.266	435.407884744052	21.5586796	21.6037045	21.4461177	21.5225235	20.7482337	21.3758518	0.158045310615251	
65.282	435.514625254515	36.7995649	36.2967885	36.9728422	36.9148557	35.4481397	36.4864382	0.26976751675286	
65.298	435.621365764979	55.4159439	54.7460299	55.61992	54.9042988	53.3147879	54.8001961	0.405172813482977	
65.314	435.728106275442	76.8736591	76.7938425	76.7433601	76.6642257	75.7589548	76.56680844	0.566107266084162	
65.33	435.834846785905	97.8374661	99.4576746	98.4521222	98.1703765	96.5515309	98.09383406	0.725270301202854	
65.346	435.941587296369	118.522256	118.351025	117.56855	119.074834	116.466125	117.996558	0.872423837661546	
65.362	436.048327806832	133.572126	134.579727	132.224112	131.775911	130.363088	132.5029928	0.979679165558508	
65.378	436.155068317296	136.227906	136.789351	134.935151	134.287065	134.017599	135.2514144	1	
65.394	436.261808827759	126.234454	125.818999	120.275493	120.871731	122.464652	123.1330658	0.910401317030515	
65.41	436.368549338223	96.2193029	95.7383563	91.2331505	91.3900548	91.3122849	93.17862988	0.688929060693062	
65.426	436.475289848686	46.5651653	48.8928094	43.8070569	45.2403455	46.3652828	46.17413198	0.341394817827502	
65.442	436.582030359149	-8.0007656	-9.00904776	-9.32353891	-10.13125586	-8.08740418	-8.910402462	-0.0658802904319203	
65.458	436.688770869613	-64.8854722	-66.2266648	-67.7199864	-66.3985776	-66.1072808	-66.26759636	-0.489958620055658	
65.474	436.795511380076	-108.712994	-119.15192	-121.510264	-118.015387	-119.557825	-117.389678	-0.867936786618921	
65.49	436.90225189054	-159.199409	-158.87605	-157.254475	-155.791853	-156.885409	-157.6014392	-1.16524799314779	
65.506	437.008992401003	-181.171499	-182.305304	-176.383862	-174.120347	-175.151822	-177.8265668	-1.3147852655654	
65.522	437.115732911466	-178.150063	-177.617952	-168.831298	-169.533276	-172.276376	-173.281793	-1.28118285319758	
65.538	437.22247342193	-152.668769	-148.600168	-142.555933	-142.541607	-143.034835	-145.8802624	-1.07858585469994	
65.554	437.329213932393	-105.36206	-105.636984	-101.6427421	-100.094844	-99.4692727	-102.44118056	-0.757413007578869	
65.57	437.435954442857	-64.7810966	-64.7135592	-61.2425589	-60.429384	-60.2219974	-62.27771922	-0.460458912731341	
65.586	437.54269495332	-31.2035316	-30.0669972	-28.9386492	-29.6317578	-28.7305801	-29.71430318	-0.219696801780729	
65.602	437.649435463783	-12.64582132	-11.46835512	-12.5673691	-11.9049591	-10.187878	-11.754876528	-0.0869113020381102	
65.618	437.756175974247	-6.63637856	-4.16342706	-6.48083844	-6.60158669	-5.63696506	-5.903839162	-0.0436508497023156	
65.634	437.86291648471	-2.995511751	-3.1155778	-4.26780266	-2.670105442	-3.20494514	-3.2507885586	-0.0240351538874554	
65.65	437.969656995174	0.714938805	0.818632215	0.2585513397	1.945615927	0.8752542872	0.92259851478	0.00682135945766494	
65.666	438.076397505637	8.07171373	7.92367775	7.5375562	7.23534448	7.67058395	7.687775222	0.0568406271838589	
65.682	438.1831380161	13.8246517	14.0033865	14.4850151	13.57224	13.5606427	13.8891872	0.102691622572784	
65.698	438.289878526564	17.48462	17.3461346	16.6407466	17.2478987	17.3311263	17.21010524	0.127245288460362	
65.714	438.396619037027	18.5754474	19.7201679	18.4533347	19.7952093	18.6218365	19.03319916	0.140724584984451	
65.73	438.503359547491	20.4589836	21.1411773	20.2243091	23.2989555	20.2857066	21.08182642	0.15587139338633	
65.746	438.610100057954	25.3387141	25.0856201	25.1756696	24.9546389	23.5943452	24.82979758	0.183582535459237	
65.762	438.716840568417	29.0341561	28.9557039	28.2796502	27.2652284	27.8075722	28.26846216	0.209006776641886	
65.778	438.823581078881	30.0403916	30.1427206	29.0027753	29.4032229	28.6234757	29.44251722	0.217687314773102	
65.794	438.930321589344	27.8635122	27.9521974	28.3123954	27.2870587	26.9214029	27.66731332	0.204562099721746	
65.81	439.037062099808	26.0093101	25.6572982	24.9164359	24.5016625	24.1919466	25.05533066	0.185250045414682	
65.826	439.143802610271	23.9347596	22.6420027	23.6427809	23.0322176	21.8199597	23.0143441	0.170159729582835	
65.842	439.250543120735	23.0485902	24.2690344	23.7676222	23.075878	23.2607523	23.48437542	0.173634971021789	
65.858	439.357283631198	24.686537	23.8160582	23.0772425	23.7914991	23.7921812	23.8327036	0.176210383497476	
65.874	439.464024141661	22.2620212	23.2832649	22.9428502	21.4897781	22.8452967	22.56464222	0.166834796664426	
65.89	439.570764652125	21.5443536	19.765193	20.8519272	19.7344942	19.1866928	20.21653216	0.149473720845614	
65.906	439.677505162588	17.6694944	16.9136241	17.0125421	16.696004	17.5296447	17.16426186	0.12690633910295	
65.922	439.784245673052	16.6537081	15.4885218	14.9693725	15.232699	15.1003536	15.488931	0.114519549157484	
65.938	439.890986183515	13.293223	13.3198284	12.9418933	12.22831885	12.5796483	12.87258237	0.0951752144486261	
65.954	439.997726693978	11.25755757	10.28338511	9.85906072	10.61424895	9.48726531	10.300303532	0.0761567158295093	
65.97	440.104467204442	8.49194502	9.84541691	9.33104298	8.94082831	9.48044338	9.21793532	0.068154077063759	
65.986	440.211207714905	8.32958288	8.84668558	7.30151725	8.67954815	8.43327628	8.318122028	0.0615011832955737	
66.002	440.317948225369	9.1216095	9.1666343	8.71706875	7.99871902	8.11400975	8.623608264	0.0637598379451772	
66.018	440.424688735832	8.37870079	8.43395847	6.73802542	6.30005714	7.09344825	7.388838014	0.0546303936766816	
66.034	440.531429246295	7.59690704	7.8015651	6.01967562	6.61386619	7.13779079	7.033960948	0.0520065611084656	
66.05	440.638169756759	6.64729364	6.60431547	7.10231672	7.2121499	6.30892568	6.775000282	0.0500918996821966	
66.066	440.744910267222	6.39624644	7.32948718	5.89415201	6.88947237	5.00730042	6.303331684	0.0466045528023698	
66.082	440.851650777686	5.71814608	4.90770019	4.65665296	4.20981621	4.60344186	4.81915146	0.0356310614671102	
66.098	440.958391288149	3.146958716	3.433479964	3.35639211	2.430655503	2.7437823378	3.02225372616	0.0223454500610383	
66.114	441.065131798613	2.38426635	3.03507896	2.67146983	3.06577768	2.83519628	2.79835782	0.0206900447763451	
66.13	441.171872309076	2.780620798	2.79631124	2.074550501	2.8242811693	2.412918479	2.57773643746	0.0190588501339917	
66.146	441.278612819539	2.438841847	3.00779123	2.44293499	2.15777811	3.19334787	2.6481388094	0.0195793797879869	
66.162	441.385353330003	2.83451406	1.822821078	2.69466439	2.240323523	1.6011081894	2.23868624808	0.0165520357625184	
66.178	441.492093840466	2.90478	2.300356555	1.323455436	3.492148629	2.096380697	2.4234242634	0.0179179217766465	
66.194	441.59883435093	1.99132289	2.738324791	1.928561084	1.0935562174	2.82769214	2.11589142448	0.0156441352858784	
66.21	441.705574861393	0.676735973	1.12016175	1.232041506	1.510376451	1.352789753	1.1784210866	0.00871281895148891	
66.226	441.812315371856	2.29830996	1.671374118	3.03371458	1.5233381433	0.8970844789	1.88476425604	0.0139352646654466	
66.242	441.91905588232	3.040536518	2.170057584	2.597110732	2.535031121	1.755966112	2.4197404134	0.0178906847232202	
66.258	442.025796392783	3.53239806	3.53785561	2.845429172	3.63745584	4.02835273	3.5162982824	0.0259982366764809	
66.274	442.132536903247	4.1593339	3.92056615	3.69339571	2.61757654	3.306592	3.53949286	0.0261697289873222	
66.29	442.23927741371	3.86053314	3.25133431	2.3501566878	2.99210078	3.26838916	3.14450281556	0.0232493155765475	
66.306	442.346017924173	3.08351472	3.58219818	3.62517637	3.297041286	2.6585081424	3.24928773968	0.0240240573756248	
66.322	442.452758434637	3.12922168	3.31887147	2.618258738	2.365164922	3.080785926	2.9024605472	0.0214597426583363	
66.338	442.5594989451	2.593017563	2.614165561	2.410871907	2.553450337	2.62508064	2.5593172016	0.018922664971406	
66.354	442.666239455564	1.329595177	2.248509856	2.61416557	2.060906625	1.8446512676	2.01956569912	0.0149319377403864	
66.37	442.772979966027	1.721856445	0.632393394	1.491957244	1.4673982633	1.42032691	1.34678645126	0.00995765151318077	
66.386	442.87972047649	1.49536819	1.077865767	1.92242136	0.18419224868	1.860341742	1.308037861536	0.00967115846690917	
66.402	442.986460986954	0.6535413932	0.459798417	1.622256176	1.939476178	1.286616973	1.19233782744	0.00881571429570203	
66.418	443.093201497417	1.008282033	1.660459033	0.64330849	0.382028373	0.576453515	0.8541062888	0.00631495273146659	
